"job.id","time","pval","pval.adj","decision"
1,0,1,1,FALSE
1,0.111111111111111,1,1,FALSE
1,0.222222222222222,1,1,FALSE
1,0.333333333333333,1,1,FALSE
1,0.444444444444444,0.141858141858142,1,FALSE
1,0.555555555555556,0.121878121878122,1,FALSE
1,0.666666666666667,0.973026973026973,1,FALSE
1,0.777777777777778,1,1,FALSE
1,0.888888888888889,1,1,FALSE
1,1,1,1,FALSE
2,0,1,1,FALSE
2,0.111111111111111,1,1,FALSE
2,0.222222222222222,1,1,FALSE
2,0.333333333333333,1,1,FALSE
2,0.444444444444444,1,1,FALSE
2,0.555555555555556,1,1,FALSE
2,0.666666666666667,1,1,FALSE
2,0.777777777777778,1,1,FALSE
2,0.888888888888889,1,1,FALSE
2,1,1,1,FALSE
3,0,1,1,FALSE
3,0.111111111111111,1,1,FALSE
3,0.222222222222222,1,1,FALSE
3,0.333333333333333,1,1,FALSE
3,0.444444444444444,0.00199800199800193,0.0199800199800193,TRUE
3,0.555555555555556,0.025974025974026,0.207792207792208,FALSE
3,0.666666666666667,0.045954045954046,0.367632367632368,FALSE
3,0.777777777777778,0.841158841158841,1,FALSE
3,0.888888888888889,1,1,FALSE
3,1,1,1,FALSE
4,0,1,1,FALSE
4,0.111111111111111,1,1,FALSE
4,0.222222222222222,1,1,FALSE
4,0.333333333333333,1,1,FALSE
4,0.444444444444444,0.00199800199800193,0.0199800199800193,TRUE
4,0.555555555555556,1,1,FALSE
4,0.666666666666667,1,1,FALSE
4,0.777777777777778,1,1,FALSE
4,0.888888888888889,1,1,FALSE
4,1,1,1,FALSE
5,0,1,1,FALSE
5,0.111111111111111,1,1,FALSE
5,0.222222222222222,1,1,FALSE
5,0.333333333333333,1,1,FALSE
5,0.444444444444444,0.00199800199800193,0.0179820179820174,TRUE
5,0.555555555555556,0.00199800199800193,0.0179820179820174,TRUE
5,0.666666666666667,1,1,FALSE
5,0.777777777777778,1,1,FALSE
5,0.888888888888889,1,1,FALSE
5,1,0.927072927072927,1,FALSE
6,0,0.113886113886114,0.727272727272728,FALSE
6,0.111111111111111,1,1,FALSE
6,0.222222222222222,1,1,FALSE
6,0.333333333333333,0.137862137862138,0.827172827172827,FALSE
6,0.444444444444444,0.0219780219780219,0.197802197802197,FALSE
6,0.555555555555556,0.00799200799200794,0.0799200799200794,TRUE
6,0.666666666666667,1,1,FALSE
6,0.777777777777778,1,1,FALSE
6,0.888888888888889,0.207792207792208,1,FALSE
6,1,1,1,FALSE
7,0,NA,NA,FALSE
7,0.111111111111111,NA,NA,FALSE
7,0.222222222222222,NA,NA,FALSE
7,0.333333333333333,NA,NA,FALSE
7,0.444444444444444,NA,NA,FALSE
7,0.555555555555556,NA,NA,FALSE
7,0.666666666666667,NA,NA,FALSE
7,0.777777777777778,NA,NA,FALSE
7,0.888888888888889,NA,NA,FALSE
7,1,NA,NA,FALSE
8,0,NA,NA,FALSE
8,0.111111111111111,NA,NA,FALSE
8,0.222222222222222,NA,NA,FALSE
8,0.333333333333333,NA,NA,FALSE
8,0.444444444444444,NA,NA,FALSE
8,0.555555555555556,NA,NA,FALSE
8,0.666666666666667,NA,NA,FALSE
8,0.777777777777778,NA,NA,FALSE
8,0.888888888888889,NA,NA,FALSE
8,1,NA,NA,FALSE
9,0,NA,NA,FALSE
9,0.111111111111111,NA,NA,FALSE
9,0.222222222222222,NA,NA,FALSE
9,0.333333333333333,NA,NA,TRUE
9,0.444444444444444,NA,NA,TRUE
9,0.555555555555556,NA,NA,TRUE
9,0.666666666666667,NA,NA,TRUE
9,0.777777777777778,NA,NA,TRUE
9,0.888888888888889,NA,NA,FALSE
9,1,NA,NA,FALSE
10,0,NA,NA,FALSE
10,0.111111111111111,NA,NA,FALSE
10,0.222222222222222,NA,NA,FALSE
10,0.333333333333333,NA,NA,FALSE
10,0.444444444444444,NA,NA,TRUE
10,0.555555555555556,NA,NA,TRUE
10,0.666666666666667,NA,NA,FALSE
10,0.777777777777778,NA,NA,FALSE
10,0.888888888888889,NA,NA,FALSE
10,1,NA,NA,FALSE
11,0,NA,NA,FALSE
11,0.111111111111111,NA,NA,FALSE
11,0.222222222222222,NA,NA,FALSE
11,0.333333333333333,NA,NA,TRUE
11,0.444444444444444,NA,NA,TRUE
11,0.555555555555556,NA,NA,TRUE
11,0.666666666666667,NA,NA,TRUE
11,0.777777777777778,NA,NA,FALSE
11,0.888888888888889,NA,NA,FALSE
11,1,NA,NA,FALSE
12,0,NA,NA,FALSE
12,0.111111111111111,NA,NA,FALSE
12,0.222222222222222,NA,NA,FALSE
12,0.333333333333333,NA,NA,FALSE
12,0.444444444444444,NA,NA,FALSE
12,0.555555555555556,NA,NA,FALSE
12,0.666666666666667,NA,NA,FALSE
12,0.777777777777778,NA,NA,FALSE
12,0.888888888888889,NA,NA,FALSE
12,1,NA,NA,FALSE
13,0,0.4121,0.4145,FALSE
13,0.111111111111111,0.2107,0.4145,FALSE
13,0.222222222222222,0.1112,0.4145,FALSE
13,0.333333333333333,0.0694,0.3609,FALSE
13,0.444444444444444,0.0465,0.2807,FALSE
13,0.555555555555556,0.044,0.2807,FALSE
13,0.666666666666667,0.0636,0.3609,FALSE
13,0.777777777777778,0.1203,0.4145,FALSE
13,0.888888888888889,0.3417,0.4145,FALSE
13,1,0.4145,0.4145,FALSE
14,0,0.417300760913096,0.417300760913096,FALSE
14,0.111111111111111,0.131357629154986,0.417300760913096,FALSE
14,0.222222222222222,0.079295154185022,0.417300760913096,FALSE
14,0.333333333333333,0.0625750901081298,0.375450540648779,FALSE
14,0.444444444444444,0.107629154985983,0.417300760913096,FALSE
14,0.555555555555556,0.33620344413296,0.417300760913096,FALSE
14,0.666666666666667,0.368442130556668,0.417300760913096,FALSE
14,0.777777777777778,0.154985983179816,0.417300760913096,FALSE
14,0.888888888888889,0.0799959951942331,0.417300760913096,FALSE
14,1,0.214357228674409,0.417300760913096,FALSE
15,0,0.4074,0.4074,FALSE
15,0.111111111111111,0.2682,0.4074,FALSE
15,0.222222222222222,0.1395,0.4074,FALSE
15,0.333333333333333,0.0254,0.1524,FALSE
15,0.444444444444444,9e-04,0.0081,TRUE
15,0.555555555555556,4e-04,0.004,TRUE
15,0.666666666666667,0.0046,0.0368,TRUE
15,0.777777777777778,0.0362,0.2172,FALSE
15,0.888888888888889,0.1097,0.4074,FALSE
15,1,0.3342,0.4074,FALSE
16,0,0.2561,0.4777,FALSE
16,0.111111111111111,0.0927,0.4635,FALSE
16,0.222222222222222,0.0389,0.255033333333333,FALSE
16,0.333333333333333,0.0021,0.0168,TRUE
16,0.444444444444444,3e-04,0.003,TRUE
16,0.555555555555556,0.0025,0.02,TRUE
16,0.666666666666667,0.1093,0.4777,FALSE
16,0.777777777777778,0.4544,0.4777,FALSE
16,0.888888888888889,0.3364,0.4777,FALSE
16,1,0.4777,0.4777,FALSE
17,0,0.3502,0.3811,FALSE
17,0.111111111111111,0.3811,0.3811,FALSE
17,0.222222222222222,0.2261,0.3811,FALSE
17,0.333333333333333,0.0309,0.2472,FALSE
17,0.444444444444444,0.0015,0.015,TRUE
17,0.555555555555556,0.0053,0.0477,TRUE
17,0.666666666666667,0.1759,0.3811,FALSE
17,0.777777777777778,0.3315,0.3811,FALSE
17,0.888888888888889,0.1316,0.3811,FALSE
17,1,0.2669,0.3811,FALSE
18,0,0.2156,0.4456,FALSE
18,0.111111111111111,0.1101,0.4456,FALSE
18,0.222222222222222,0.4456,0.4456,FALSE
18,0.333333333333333,0.0458,0.309633333333333,FALSE
18,0.444444444444444,0.0017,0.0153,TRUE
18,0.555555555555556,0.0026,0.0234,TRUE
18,0.666666666666667,0.0574,0.3444,FALSE
18,0.777777777777778,0.4415,0.4456,FALSE
18,0.888888888888889,0.1327,0.4456,FALSE
18,1,0.2957,0.4456,FALSE
19,0,0.4,1,FALSE
19,0.111111111111111,0.4,1,FALSE
19,0.222222222222222,1,1,FALSE
19,0.333333333333333,0.2,0.8,FALSE
19,0.444444444444444,0.1,0.6,FALSE
19,0.555555555555556,0.1,0.6,FALSE
19,0.666666666666667,0.2,0.8,FALSE
19,0.777777777777778,0.2,0.8,FALSE
19,0.888888888888889,0.4,1,FALSE
19,1,1,1,FALSE
20,0,0.513486513486513,1,FALSE
20,0.111111111111111,1,1,FALSE
20,0.222222222222222,0.678654678654679,1,FALSE
20,0.333333333333333,0.594072594072594,1,FALSE
20,0.444444444444444,0.0992340992340992,0.793872793872794,FALSE
20,0.555555555555556,0.03996003996004,0.3996003996004,FALSE
20,0.666666666666667,0.129204129204129,1,FALSE
20,0.777777777777778,0.513486513486513,1,FALSE
20,0.888888888888889,0.767898767898768,1,FALSE
20,1,0.953046953046953,1,FALSE
21,0,0.0106704696620265,0.0960342269582385,FALSE
21,0.111111111111111,0.0590262031120549,0.354157218672329,FALSE
21,0.222222222222222,0.139767787207225,0.5590711488289,FALSE
21,0.333333333333333,0.0426046086268607,0.255627651761164,FALSE
21,0.444444444444444,0.00508702656576088,0.0508702656576088,FALSE
21,0.555555555555556,0.0655089073932284,0.39305344435937,FALSE
21,0.666666666666667,0.444484100729662,0.776996271480608,FALSE
21,0.777777777777778,0.776996271480608,0.776996271480608,FALSE
21,0.888888888888889,0.369825767663691,0.739651535327382,FALSE
21,1,0.210568631242505,0.631705893727515,FALSE
22,0,0.770565423165621,0.916406076973721,FALSE
22,0.111111111111111,0.632279846005565,0.916406076973721,FALSE
22,0.222222222222222,0.735113404838195,0.916406076973721,FALSE
22,0.333333333333333,0.201104823378264,0.916406076973721,FALSE
22,0.444444444444444,0.0604716813385044,0.604716813385044,FALSE
22,0.555555555555556,0.123454415158502,0.880646197903567,FALSE
22,0.666666666666667,0.916406076973721,0.916406076973721,FALSE
22,0.777777777777778,0.476072291654741,0.916406076973721,FALSE
22,0.888888888888889,0.31989200633683,0.916406076973721,FALSE
22,1,0.583221770153617,0.916406076973721,FALSE
23,0,0.420091111872281,0.969995879292663,FALSE
23,0.111111111111111,0.464965934556067,0.969995879292663,FALSE
23,0.222222222222222,0.780710232948907,0.969995879292663,FALSE
23,0.333333333333333,0.88633909632498,0.969995879292663,FALSE
23,0.444444444444444,0.254408646904175,0.969995879292663,FALSE
23,0.555555555555556,0.0607903265526345,0.607903265526345,FALSE
23,0.666666666666667,0.428860008201116,0.969995879292663,FALSE
23,0.777777777777778,0.969995879292663,0.969995879292663,FALSE
23,0.888888888888889,0.769179475768697,0.969995879292663,FALSE
23,1,0.8744678299086,0.969995879292663,FALSE
